Time elapsed: 49156.02502202988
Free stochastic variables: 26
Joint log-probability of model: -347.9503172513613
Max joint log-probability of model: -347.9503172513613
Maximum log-likelihood: -323.9057961892571
Akaike's Information Criterion 699.8115923785142
---------------Variable estimates---------------
rho_l_p = 0.5002358156892319
sig_yl = 8.865864753488923
sprd_factor = 0.03294207065038312
mu_r = 1.6308310007075908
xi = 0.8253247377111683
sig_xl = 6.932314191240502
sent_obs_probs_C = 0.0006774494515342467
a_w = 1.017580538882927
sent_obs_probs_F = 0.0002596826860364551
fb1_p = 1.06945969674325
sig_x = 142.32112493748565
grid_obs_prob = 0.0033042352287407243
fb2_p = 0.7013409417281805
lam = 0.9999999999914313
b_w = 3.467117424563391
a_1 = 5.287300144772829
sent_obs_probs_B = 0.0005132038068186634
sent_obs_probs_D = 0.00409964722756649
sig_y = 98.57579391722007
rho_p = 0.3923462633218715
A_collected = 2476.0416982333895
a_2 = 18.613446424250522
em_obs_prob = 0.011598561450844376
sent_obs_probs_G = 0.10691861363810605
mu_l_r = 0.004224165033094579
sent_obs_probs_E = 0.002826934974797932
